$ANSIBLE_VAULT;1.1;AES256
32643563633532343937653338316337363462323639326334626633373736656366643565353465
6539346232383839376135396539346635623439656531390a626135306531306634313739623661
30653037616566386431306264613262373939323266623638313136613466616265393935373837
6535643261636463310a626231396438646434623630333633626266373464346531666461386562
36663566666563303962326437313835643165383866643266383866373939326232326339643362
35663435323232386530613633353837393435623439306363376234323635316332393965323537
37653364336666653639353962613832653262633632306462653139663664623036313162653735
31613265653163326135333965393730616336616166383637386465666465353334633065323762
31333263666437376562623665646537356663616461656563393063636531646436636665633666
35343736306437326639343637626662303236313934386464643061656561343461353765313764
61333138326266363638636634626164663536646664656430376162303161346437373832633636
32663865343632343965383035396261316463336261333836353130636263376235613061353333
64363565383464393230343462363536653131303130366261356538613235353435373466336363
31383166623530666631303137363661333561313633613963313261643832396566613332653761
33333939366336636238663633653961363630646436323230623866316138653439393363303338
37663232626531316664613631316437346435356436623837356430653739613366333732653962
30343339623137656534653535626166386238656630633234313630393736626564336537613937
62343338633065393834393730663331396461643731346438643133616263333061376264393762
36636464313538663235376634316464303631323530323431333161393731303033623531663531
34363131306165613265393437313738376434616466636235663866356538316439373238316261
61663034373563383538393762393431633234303936393935613533303339393039383138376664
62623632636464373366393534356330343636626430613766363833393238633534323965306566
33383233363838343730663162663339303735326431666363346531616436396130343564316562
36343935333163653962363665373030386366663935343938383732663334386534643832313062
65313834623062353062356263353932353733326439383038643864616434666335383738376432
61656266323661613636363734646165643432396336653131373733326365633961386165653161
65386466653932373139393730363263333864623033623766336664303338333561363839383733
38646563386339353263303162313436366164363438366638363739323564373939363333393932
34313933396162333362643836366138643633613134363937366266656637306365633633326330
62353534633638653463653838376461613665626334616330383937346264343736663335366536
34343366636230343334383536623938326664323636393338613839303938363362663737616664
62313861636165376663366231303362336262373930666534316236333838653463356637356133
36373937383530636135356139626131396531613461326234643965363337376139303831646435
31663539373333356637363334666336383331396438666231633034623438656230343762633432
61383639353635373561613030616232636335663462346364633537383462343837663830316335
34366234313130383337386638353837313665386561353736353234646437363138623837646631
65643561323131656461383834336133323562353665333832346636303938656236653663303665
36663837323262623664343130643662616362646166386162393335616433326230643366633338
39376664353630616531343636366662386561393838626262346333663331646261346439363033
62363065663030613465303936616438383334306236653638633163663165666438373762623432
63373437666436393335353961376261633537356131303665316531313561633432313830326662
30353764383165356133643964383037653332363433646462663831616666343133613633343130
63663036616365306332616436363632383431356662363030613364303865396661653166643932
34643933376461613330323161386132386161363663306533323334623062373637333030373965
34656334613964396335366664323433303937666539376637613330623762343134333938633639
32333636386238323163396535633063633530316637653833626463366564376438366133633030
31386539316237383534633438303462373935373965316237656165633261633463616362343838
38663934313235343966623233656538343238383036323137333461396130313838663537633537
30656130393735643339623537383365333138333565326437623838383762663338306339373761
66363636356130396236343239323833613166306338343732646333643264646236336235623239
30373164343533306636663866323864366466333162303933323433613365313132356466356330
32353566316438313537633139313431313238383963383131623436346235393632333239313136
33396330343466663466613732643730663331393832316463623666353932353335336636343037
34333166666339383730613035383031336638356566316635636166306566353235336666373930
30393139363038663861626262653137373937623361323236616239343663346131313238646236
34373431386631666231326166303261316365613964396232343635386535393863366663343837
32316432313364666364663837326562613730346535333831333538343635626632643836626661
30623539316339333535326531336565653836343232336338643362363033646563613732386264
64626239326639373232656638346230383364653536393566333830363764386638353034373934
35316134633036653464313030643461666331396135366561633734633539633936613565363061
64313133393436633933613939346139393138363737323639656339366137366336636539383037
62303039663661376363643861656634636332636365356430323239653261333162626434626333
66393539333336656539353666353334356432323139633337343462336266343564303534393463
62396235663434616566633266633233623866303631613766343763336333613332396633326134
35656636623637356538323866653466333830343965653839613735366634646430396430313861
66373366643838336539323364343766653632633466366562653765306132646638656565653438
66333636653237633231623164326436366561306635376135373533646636663131356139313964
61663064626265383561336333343432323166353461393062346236333539313639633239396431
64383031396239326233626461653235623638633938663466663932303634666562633934663534
33383031396433613034613238326530316139633637303962336364376237646365353266363134
31373337363064373432343638653563383836626330323033633663663632613032623036646637
37393264643839636634376537613431613937626266353137663664643633366137646330353239
35643132623638373363626531383039333364613133343434636465306235633231333964326365
38323233646130653230376530663737353236393630393330663564333261653564383732636439
34333836613363316261326636356163336266386637646131623834383637373233356431663437
63303531383932393234646639633039373266306332353362316638363332656537373631663965
30366138396334313630343066326537633063326236636236626464383163336461636266353837
33643438356163383265316231393864613532303035363565653866623734643866653431613436
36396333326431326635306566343234613136646630653138306435343037346533613939663664
38316365396234373035643961313162326264386634373834626333313639343030336166306666
62366431653030613166303734353163623561663864323339366637333664653462656137373738
37346165313762636132663735643265323263663037646566626137343539616163323361636237
30363536343738336565313432353338373661636639613764336234346163373039376135363531
32346265633338313664623036393265646364363366313937666461316463646530323531313637
33386134333932313036333237623564653938313739356337303134333730626135633034333764
38393235633737623239666235666137303764393333323237303931376139636135616263663730
61633132323838663333386630356239343637376533386564343361626366663732643761333062
38613864343666316133393931623936666434643736353639373966386131383465393162326536
61373936643466363063356637613265323437343738353136346164613132306565386237643130
31306339663665326131326130386432313665663733333731666466663435626536306235616462
33303064323263386165633238326564386562636465386337626436623661363233333364626464
33306632346237616463363763376537376662306566633334376566626662326630373434306166
65383338333564306433353964623163316364326436666232386263373437353032623762666662
66306564653732393966613662373933636433313164633361636534306363393537363662313666
64303335613930663465656333613838616235303735326262363638616337363738303037316137
30363766626166343731313431303464643165383539663065343130623336333161656231303936
34303962636131363136323638343935626131633765366363303034643635643034366462353262
31383562623539366662653766383136336566393933373133396635396566323432386137303938
62313031633035303263653361363966386632396634353833336633343332323130393036393138
62303935613034646363343032303939313536336238363132646561663065663433306238366630
31336332636265313736373731383464633932366433383163336166623763333763633236646438
33653661343337386631616134396639393834333138656134333331383765613037306134643730
39303833373734336139666135633438336665656134353239656437656163623461343138323531
65656536613062336432636431326431396337643636663235646265666634353061343230333965
64613636616333346262386138313734663030663266313531666566353964373436653665313465
37383839393861353565623431313365336636663839656664306562373037396236343832313638
33633965313332303538343364393463626237636131623161356163393063393530363961383235
62633031623538353262383037373966343764636531323363383235653963383263653963313166
64316233633233353165386165613236616338653437333862346238633638316338663263633039
35303566626535363239396135326263623936653637333132366434303134666538666532396138
61626138653763373265323634303363356434633832356636363264333262366336666239646164
36393166383734303533376632666132343466316364616132393261386362343261343035666561
37623834333166643430396634383739386334373135353234343262363734303931373964653062
39613162376539656632653339346666626330636533356234613165366161613137316438613832
31363330366166353336303036323662623039336666653833383162356134343262626532323064
66356431373439353965313762393262303739653533326633393039373136653830666132663331
38613633623137306464323631333230323631313030663732643339313963663263366366633835
38323434386465623462383130313833303563313263623039663335616338313961306138656462
31653338653432343634653934353366373934333261663132366363323430386134623366366232
36643636663737343862383466363131333534666434633234363131653366646232613561653334
63626231376432386463303532633864303734313735646633303638663561376332633335666136
38656362353132333839623031363665303562333662663236626237303139386331376161356633
36366435623864343535653532316435613739306434396436333034383337313330363237616266
34373833343935613030376662656139613262633334363038363562623030316332656335613363
39633266353865386665323439383534313765643238653964303235333637396137383065653738
38636662343436383738326336323663623962303030323131346338303634393332653139366462
61633561633865616236633463373764663539333361343532346338656636663631313532333064
66363132653637346238373035393762333061353133613362326134343039366438613235636232
35663137646639353134366135313535373334323731343661393666393835396230386164663133
63363834613132353332643930626139613565396334333166306131626365656532653236663030
65316534346139323332323032663665653264653039663930316265323532303664656131623066
35613864626234633862326236353865343134623936626565623965626336373865343562386535
33303363343937363861626566626562366438396438376336653431326239646365313064373034
33636232383966323337656336383132303334613034336333393036326532333364633965633330
39316136663261366465613338616638386235613730623935623862633966316162326134353436
62643037306461316562343262336635326634336136393136343235383165663137626132653066
33336266393264333739316166653631636331626164336539656137626438643033343831393335
32326233383962303238356638613162343035316164373565396361306363333037396137353036
39343133323865666337623864396561376630303538383966373432313266333464356565383839
62343966616237383165666130303834366466363633396434663734333965373164623831643262
62356162313466393936353739633738343531323939363832326263323163303064316564303065
38623066363533353263613930323161636564396431363462383563633734383865663163643564
31393338303063323536316566636336323234613266333264336134303132626464363639613762
66353430373964313563663462303232323366353939626333393139396234633863663062353636
37336437663635613639366134393033623734303535393662383031356461326566366463316365
66353062386536343332366231613062333464623135616639333837383963336265333839353238
62376434353532376234653766336463663961353138323236373261333536653932326235393233
39396665303435393135316339353731313565303335366330623731373661363234653364316166
39383361336331636632303739373066653462323961383833666464633932343261646636393262
36356636613939626565323461376236663765313466636231353663353938366138336263653966
31616637343861626437633836363861623032383537613334396161356538396230333832373634
39383131313164313661373365636432336463643138333766343132653134333566363762333231
66343865356363353034303765326633663439313238363639616631616639633038373665353439
33313030363039633638373736666535613334663038643464623931663463373535396430333165
33663435616530353830366137386464653462393039383239383430653038323931313139393831
63643562663063333239666239353336313732323663623364643662316530396466636530373535
65353663643033383239616632616164613265653233666665383965623538366237646566303462
38333933303339383138313231396534396433643763333965383232376437636531376362333362
33303064313065353139363234393032356264393632386339623931646461316339626662643639
63616634393433623133613635653539653865383461353762336239623531616161373565653031
35336665303238313637633965663335366561373239643538333735366232306132623336383362
39333636653663333031386139303634383039613366306531353838373361366363376236343439
63636330636435643664313939633064653932643536323039613237393437306430316336353631
30396631306630366439653538363132366332626161316164623462363439616564613563363132
38396564643862356438303331613137636139393665663439613535343931366431343161343361
64353536653437333038626161636135653534326161643565656530373864303636663837623037
64636665316533616632656535346234633161666534323939666434393139666537393630633362
38336562383261373963373235313338316565653835346330366431366364613435633639333863
38386338326231353239653261306430366462613438353266303065343237393330303761646638
39636130623963353736653933343432356335366266643930633839636262393365653836396334
37656561313237343638313031396462396639383736613336653865616532356566343565613430
65346162343038623934373930343563613934376532376338306533643638383664653835396136
30313265666237336332313338663363353437633330343836663862386134623330326261393261
35626262333031343439316338323666393134376166643065623937386335653962313839363230
34396634393634396337353930373839663066626164623732343634313631363139326163643730
31666563343330306462353834356330333664626364616534356363313132373661383163646633
37626264643366343335653036373932356236636131383636333063313762323631633531646362
35393966643366333436333933386666366331666437643930333633386234666230633066353664
62316232623634313861663735383462353530643765323039663037656632306164616437373336
38633963316466613565303630666635376662393561366536316137333939663432663364633538
65643064343038663035326534636366303136306136343133313436393461663131393435313566
38303136386539346561663631326462613436356539656666613334613437316633303933613431
64613566386265323937646366343530626535623038633661383735303838363531366131643635
39623033326665303035666161373338386364616338343931383533623736306564396239613765
37633465393436393130663061623437613035663836653831656537393366653762323261666638
64393363643433656438316262313063623363366630613931363931326363303539363866393661
62326637303034646665306566313338356464303263343630313962383762323137353235393431
63386334383164656565303664346564383564376635376439383738633366636461323362343865
36353732383464616564303263346335623939376531306361303463356466613436363663393538
34323632643063623631333939383262326234363064633532393030323836376532386638623831
30383731613561643863393835393637643434356331636530353732336662646362353764346464
38666638393062633631306434663239363737363463373562643232613734613933303831393637
62306464333430663430356639313233616436393437333131313763376161303736396530613064
61393364373734303464366332346363623933356566303236376434303264313731333237383233
63643736623165356361323134383732316132396432326531653365623566313330636538653062
34656236663136373531346433313863376434613236303631656664303861646130633361316431
38373665633734376131306631306261653431633065323234333364386337353633643465623163
63346662346630366363663134343131663965383634353163303736326263373134396662663438
63323032343234323164616235303836626463363861336561323061313138343163616165363838
36313931363861636534653365313031326662306530636234323531653963303930353338383436
31306132366438373762313061643936386131666565313764383330623965643230336262366635
31363338653034643731363735326132386134663437306334636364323061363538383735363736
36396562643063396234336537323231623830316163393263333165306163363766653162316661
63383238373739303931623166343466633264366464323364613561623230653463386131323238
30663666663132383563383133633433336138653636353637396437383238323430363664666463
63313237646533386365396666373337666266323735323436653635353534373134386565633864
32383964333362633737313466393730303538323236626634643334663730653339396665653962
61373362633961646330646262643963623835656663666437626233666630366237626462616562
61363939616234386365633438623466633062393064313233333161356138613433316164326439
64356266386266313164613030386236666633326161613661613733643639363236363564346164
35333131343838313930623534333431333637333437633836366366653362333332383038393737
64363438326533313731376161306533613535306439663362373661353639323964343139386461
36313931613465326636363839316332383731353138656136393635323132613731336661343532
65656233636435663138323962333566616637346530373166383431323561313935363563376262
64626536643062363739356431326662356238653936363563336430346439306234393434316364
39306539326338663966353335386131316236353165323039313962616262356434663837333436
36303135306134363133323662316331393438376433393331373265623930306662663132356566
37313739336231613965643632366331636336613563663265373031356534313666613438343463
35336234666265353864626334303837393765643530616230643030613638343665313563303265
32363662313237653939393436396461613836653934346636303761303936633338623463623333
35383764313439393331653434626664613134653665616366353230633539353066643762363663
39366131633265616333613231653835613363366662613265396661356533316438626662336335
61663531613030653637663562356434663432313164343636636631373830393563366665623238
38636166366331323437383465326266656166313038376664363137383461626462313639363739
66373831643264656462356565633538303965633736356239306137353665366534303035646430
39336264386134353766616564313264646632663838626235393337363734353161383238643034
34326135383030326330326635623464386439303863313233363931373132646261353963623866
36636563303938663663383666663339366532643531313562373932363532373236633533653238
37373438303364623933323466396366393232626137633532623036363334326663616135356637
31326139306163393332386534386364653262343763643235323661666539623933333839636363
35333733346336373162363330356538303466316361316332326562643830646366666363383636
64653033653039373336313333336632613635356439396264346135326461616362303835366235
61376266306665363137626661656365366661336137626538323663323732376662383163633936
61623235323733623565363433343131396233363861316263373730666338323033666536666635
66353764333763333037643362366465643663306535623961333166323535376438303330383638
37656364313430663638313132393364383632333336656366383235396132643230323234323963
63303133633533373832386135393962353963613931303364633766343739643539666165306331
35386239643432663837353638613066346234663262666634626662363161333961343839343539
63643265333633623937313536643134336437326332383031636431343665653966353931643938
61346566393131613439376438643635613539323864353831353037346363396466376531636564
66356234663732396130663761623866333964646361323038386239316433383935656136656661
61366633623537653036316637666535376237623562376633313436663966643564383833623631
34323632326534343238373638323132623761363530313766656537323639663639363865303065
34383063323632326130353862313466353237623361316637623231333336633162643861313832
36313834616462376162653362633431623862356238656635353065633437643461373261383662
32656239666130383763306438363063646261303534353234386434353566373937316139376435
63326138386661363932616661626363626265636361626538316162366630393732653938363835
61363631656664373338376236613266303134386539623836386137653433613734626330316663
64346237373966363930393830373932656534666639663438343639363733393234303732663135
32333031333666356461343863646661366637656565303538663632666666386532666531636266
31326532373935333239646565323835663831633132613666663664643131643335356334386530
36356362346363646564336438373537313766313262393065643565663931363537646634326466
33373761626133303465303161343764323538316534373932386536613637366135386333313939
62336635343735623833316237663131363363383266393264363662666330643234386664623965
31653133363437613236336163643436646262376466326237663530343866336338336130613133
64366661663563353966323962636532653466636563343030313766623336643231346661656130
33353939383536306633373666356132306165633336343832333234393664663939363037626134
63323064656231633630333932623435396630316164313438626631343161386234643132336634
37313235333630643831376261333936303966653230393964343032383631626638353533373365
63326639643966623532373365386335356332356665623632633762306630666437633036373165
39323937396334653937316662343265373764396332386266653237326337366533616135376330
32633634343865313961383037333931383336323633396131646338613933376462663334613538
33333661363030393135653533343834353433616563316336663938663136633762616664373830
38663131633962636334616661353035666338383433336662353233393363663766333830663765
33333836623565303064383261343763333364363038643464383063663966313064303063316365
61393664653334333330336132666634643365396366353334643634333864323732306134346166
38656633353663316263393834666231633431373263653939306433326339663239313736303734
33303466323766663739626563616166363436393061316362326336626462646563313962343261
31376135323337313631646165346231613032336635656261303966376637303132323438663733
36383436653564346534326362316435303035386239376430393365643432323866393764643865
37303561653038336565366530633361313732343130386162323033613061633663366264626232
32613435626261656363373639316636326361653266333261373532393033663464326463643231
38383437313535343238386163386666383762326566353866663633316264386366323336376538
33396232613466353836343533383432643631613832316162626133383866633466616165636231
33383435656435656531326438646562313632356563396637356631353638316537623866393034
34323438643839393933643138623135346166353131643439393962663737643931663764303633
37393563383065353666363861343865613434333364333033376462633361376437326563313166
37376136353431303366333137613561313533656265386161626663313062616536323333383834
35636138303531376232373937313639643931636262326334363335653064353530383561353531
32623761373366383136366437643264646465383732323466383164343139663332353836313063
34396237373864656266633562626264636139656332363332636262306131303232333239623531
63376139323235663035313366343635646666633362313463386434373034633938343965646265
37396166346365623933646238376165313335386264323331376537383239376139633162303436
31643533306663633937663863383561303362383939666632623331633864393936363465336636
36376538666635363339653831633939353637303561316236323762653536343731323636306336
65616539373830303332333666396635346663373030666435393165653163343865313734386131
39376539653663303662663435363436396439636335613336373837656165326231623462663663
62346233393032303238653163326331306439643034363133623836633736666531666463363565
65626634643564306532333136343233393735616536306362336132323834326565376464396139
39316635613366626131666434326631646630326531343365333464663635363938656661373834
66626337313165653037663963343136663131336332643161363538646265316564356133646166
36656666363934656533326232653434643739643533373966636561663630333434633433316539
33393635636164343764653431343138366462316138326137353530366234383665666333613036
32623132353530323734316161363432663930626561626662636265313933383538383835616538
306365663537326261393362336132373035
