$ANSIBLE_VAULT;1.1;AES256
39306363373935396164363732656665613062303263626332353439393838323532666566386263
3832643232633533646662396364626531383332383465300a613366656164653663396365343335
34393934343062363232666662616535353631303765386237663466646665613632633262653338
6630366166353262330a383733323631336464323231633439373761653764366164306561663362
39303637383363653264373334643430663930636330333637333638353039363461643161333566
39326134306232306163353035366666636235323731336165623436646666616130623032326464
65336134313566333562656666353064326561363631306661383737663130653736643865366233
37636165666235363834663461626264663637306134616461326535663436356432386634666535
38633133383839333461303439303864663030333163643762393962356462323462313166323462
32633232656665363334323135613331616666343866646436346561373334383531353065313766
66623161356531643564353735306332656633396131366333343131623666646165383539386462
35646461396235666237313537653735393763343533653635643535303137656632353835643030
62303739613139636336373766356261316638646362623533343464623534626361303436613665
30656431396632396637396531633539393362626432313533323536303339633561623932633637
32356137623362613438333262623132343366303438363930323362653765633237626165326537
30353039636261656561313338376264616165396536363166373561326136336465623038646665
37363366373664653138323634363761343930326532323735656463623939313963353533346338
65313762646166306132356536626133326565393331626466396636323033373764663932303637
38323539643263373630326165393134366163336162626336333738633866303338663435643330
35616637366237313862623437653939626237386464366238336139363932653837393638653934
34336661333766353431336535373538393231613935383065613331633633613137653963346631
34353432393066633139613530613536613536333363363366396138663139623537633564373663
65353836643333373565353039663533666433363464323135663238373561646231313135393535
61313863336332346461363265636466353835363164343566666561346131396365643638363262
65663233643833636561653738663438666339333365636438363034663561376561663030386238
33333566396465326564303335653339366437643138343762623564363436336537363836373234
64306532623232396463376333393435383036643931366464303861393338373263326362346133
64333661336461643165383662316131343038353730663365303062323036343034343561366662
31636461343837366530373765323566383034616263656161323766316161613566366165656434
34376139393863363936393837343232313064643965303463383735643063333838646334386132
30393562313934336338366536643462383839313033353565393634303337353435633935356639
63613137633034386531323438373137356339343537613932303934663739343262373861643033
37626232393932633737376238393066633933356363663863663434633330633731333334653066
34303334363662336666363437323239363762306238636266333431613166326633313535613265
30626435313032396266356566363332646666303431343836333966326365343336616430306261
63653336303666386538386364313264666362396530616266636131303433366331303132386131
39613136343062643432396331333639636638616237643563393234343935316261643931353230
61656365313631323865303534623733623439363035656565326366656436623366376662333961
30396631643930303435343630353030316132363663623261393730303338303035306236383066
35623766383930326635353633323331633032666439646434616362613533316433626632663463
66393466393239663932346136323536386563303735636335643063623737626630663134303137
66613865303135346139633331383033653465396133336438383633343839386337353937643534
61306432643335623961303533326132363961313538666163393232626565623366656530393162
35366132383434616366333166353461653233323463333763616134613765376633636432383537
35336437313733656534356665376233366266306334346162393165626338373238643263323466
39663432626563333162666563386161386366373038343830643234343835363263643161326461
33626636336366666435373331653039636637643131633231373834643838383434303538313437
37666331623063616337653430303066343861323038346263313761356135333961663132663535
30383933386639346461353237613461303737306232373339386134383433653166326333363666
36373162663563343865653861353861653031383262353661393933386165633235333962376533
30366530306266653937633563313365313737653436373434333139326632373436326636623839
34323133616330323966616531643631353439303361303934386465396335376333353131633635
39633633323839623866616436366138303239313732323866323061626634656437396434626461
61376137383032386564356261623032636364366663336434313862613731663463373662373632
39616230643231353839346233356462343532613663383966653234643439653965363039343465
32346532313737313961663231366536633932386665363233303638326462633436353265333934
31636636636635376365353966653137333039393136393536373534613761373233346433353331
30393262643666376130646538643235663536623636366531623261623732353266626538663165
39636534623539396134343631623363373633623133633239656530656532366562373434363239
38346430326662353134646239363762666636623564383666653264623733323634663931636338
37613936666539633435656362303833383134336364393535656161356430316465383362613133
39646439333766626435363761383838393462636631343438376666633232383331323661303565
66303134373230323538313730313738353061616461343130323539616334626130643633643234
34373566333635626537333066356539633138353831316165396337393338323030346134613230
32663461663331326665383863323263613231346632343161636134636535386463386333333636
30633037383062313234383935336265666635313766313630396665393162366433383461633936
61343531653066646632396664643764313866653865323439383166623865333365343734323035
66333135613234343762323833623966393838646631343530646131343739613666316461363532
36663837643337613865613635353761323564383934383963616463313364643063626439306639
62316332373234316338636461363637313861343736663830613762643466376565396463633562
66316163626362346361303665333966363939386562343835656236666465393834386338346666
65343830633261383963623333383530663831336630356262343237626639663066386238643232
62626139636164663037626662656236613238373163386565663434633837323136663663633665
65373539666331663436663939313430643032336533303031313264373134346534623338623833
34303762633637626138316339646439366337313932303763616664393064633163653664336164
37306363396430306565656134626133363365653835646130303233353039613466323233643638
33353063613763653438383666343039616661383038363932396431353238303137623462343635
33633036353766386463373866393962666535346230363438353830626139663661393066313039
32353531396565613338343365366532633338386566323561666165383038383035373634383465
31633336383539623736343335386661373365373538623566653238303663376438646362613662
32393761333361346635313839306238383932663235326164636264363832386364333664303836
64373335303966323030353537653635333534326236616461646531633666373235656565393563
62316432313530666133373965383432656366336530363835666564633334333334656261613436
35316339353431303330353961633036653838333238383031653963363638656236646130343661
30363736346531366430313862333536643932666434653235633266383261653835303431653034
37613138386536313237343364646266333436346435336563393763623630303339353764653130
65363733623435386531373363666365633935656664366362393263636265383737323464323861
33386337383932393862326562366566613163343034303566306366363264356637653432353066
30633537646563616163343832643163643564353066303732396638373436343461616338373361
64356133643830616330373764653034616135366433323563376636376135616335333165633031
31393661653161363361353861376366616433383363633462326564383130313061363932396134
32396336366363656162336366353065613735623030393962656537343265646262633730313165
35643838626465336639386563353638326164613031613162396564623265653733376135336537
64623066663661323030343761346335353233316264633062646165393034623534623936313034
61663466386561613233666135383563646137333963306532396538396333313534346531303232
39636139323763613836646236306339383163373762356135353239663432396465653038303163
64326463343666343361306335323635393066313834366465303531353161663766386135336132
30666636306336656664616166316134323962356363336263393133373530646134383337393038
36383462363461623164636233373533386438393966666339323666646366346561306630306338
65356661323939323365346138393037323839616464633235633836633765623835333738353135
64643065376637326562313636353062626435666538613962653132653966386536
